# Creates parameter objects

# best fit grp_pars2.0 based on multiple datasets using CP, RFd, starch and Cfat as inputs
grp_pars2.0 <- list(grps = c('m0', 'm1', 'm2','sr1'),
                 yield = c(default = 0.05, sr1 = 0.065),
                 xa_fresh = c(m0 = 0.0628, m1 = 0.0628, m2 = 0.0628, sr1 = 0.0628),
                 xa_init = c(all = 0.0628),
                 decay_rate = c(all = 0.02),
                 ks_coefficient = c(default = 1.153337, sr1 = 0.461335),
                 qhat_opt = c(m0 = 0.693, m1 = 0.407, m2 = 1.65, m3 = 7.2, m4 = 8, m5 = 8, sr1 = 8.95),
                 T_opt = c(m0 = 18, m1 = 18, m2 = 28, m3 = 36, m4 = 43.75, m5 = 55, sr1 = 43.75),
                 T_min = c(m0 = 0, m1 = 6.41, m2 = 6.41, m3 = 15, m4 = 26.25, m5 = 30, sr1 = 0),
                 T_max = c(m0 = 25, m1 = 25, m2 = 38, m3 = 45, m4 = 51.25, m5 = 60, sr1 = 51.25),
                 ki_NH3_min = c(all = 0.015),
                 ki_NH3_max = c(all = 0.3),
                 ki_NH4_min = c(all = 2.7),
                 ki_NH4_max = c(all = 7),
                 ki_H2S_slope = c(default = -0.10623, sr1 = -0.1495),
                 ki_H2S_int = c(default = 1.02, sr1 = 1.42),
                 ki_H2S_min = c(default = 0.08),
                 IC50_low = c(default = 0.20854, sr1 = 0.2772),
                 ki_HAC = c(default = 0.31),
                 pH_UL = c(default = 8.0),
                 pH_LL = c(default = 6.5, sr1 = 5.5))

mic_pars2.0 <- list(ks_SO4 = 0.00694, 
                    km_urea = 0.913,
                    decay_rate_xa = 0.02)

man_pars2.0 <- list(conc_fresh = list(sulfide = 0.01, urea = 3.17, sulfate = 0.2, TAN = 0.0, starch = 5.25, 
                                  VFA = 1.7, xa_dead = 0, Cfat = 27.6, CPs = 21.1 * 0.55, CPf =  21.1 * 0.45,
                                  RFd = 25.4, iNDF = 11.3, VSd = 0, ash = 15), 
                    pH = 7, dens = 1000)

wthr_pars2.0 <- list(temp_air_C = 20, RH = 90, rain = 1.9, pres_kpa = 101, rs = 10)

arrh_pars2.0 <- list(A = c(xa_dead= 3.61383 * 10^12, starch = 5.86*10^18, Cfat = 0, CPs = 1.763612 * 10^12, CPf = 4.10669 * 10^11, RFd = 1.499476 * 10^12, VSd = 3.61383 * 10^12, urea = 4.38*10^15), 
                     E = c(xa_dead= 81557, starch = 109400, Cfat = 0, CPs = 87515.5450, CPf = 69361.3, RFd = 81052, VSd = 81557, urea = 81559),  
                     R = 8.314,
                     VS_CH4 = 6.67,
                     scale_alpha_opt = list(VSd = 1, notVSd = 1, CP = 1),
                     kl = c(NH3 = 64*8, NH3_floor = 36*8, H2S = 0.02),
                     scale_EF_NH3 = 1)

save(grp_pars2.0, file = '../data/grp_pars2.0.rda')
save(mic_pars2.0, file = '../data/mic_pars2.0.rda')
save(man_pars2.0, file = '../data/man_pars2.0.rda')
save(wthr_pars2.0, file = '../data/wthr_pars2.0.rda')
save(arrh_pars2.0, file = '../data/arrh_pars2.0.rda')

# best fit grp_pars for Dalby et al. 2023, EST using VSd as input
grp_pars1.0 <- list(grps = c('m0','m1','m2', 'sr1'),
                               yield = c(default = 0.05, sr1 = 0.065),
                               xa_fresh = c(m0 = 0.0628, m1 = 0.0628, m2 = 0.0628, sr1 = 0.0628),
                               xa_init = c(all = 0.0628),
                               decay_rate = c(all = 0.02),
                               ks_coefficient = c(default = 1.17071975112963, sr1 = 0.4682879),
                               qhat_opt = c(m0 = 0.4742862, m1 = 1.138287, m2 = 1.770668 , m3 = 7.2, m4 = 8, m5 = 8, sr1 = 2.529526),
                               T_opt = c(m0 = 18, m1 = 18, m2 = 28, m3 = 36, m4 = 43.75, m5 = 55, sr1 = 43.75),
                               T_min = c(m0 = 0, m1 = 10, m2 = 10, m3 = 15, m4 = 26.25, m5 = 30, sr1 = 0),
                               T_max = c(m0 = 25, m1 = 25, m2 = 38, m3 = 45, m4 = 51.25, m5 = 60, sr1 = 51.25),
                               ki_NH3_min = c(all = 0.015),
                               ki_NH3_max = c(all = 0.13),
                               ki_NH4_min = c(all = 2.7),
                               ki_NH4_max = c(all = 4.8),
                               ki_H2S_slope = c(default = -0.10623, sr1 = -0.1495),
                               ki_H2S_int = c(default = 1.02, sr1 = 1.42),
                               ki_H2S_min = c(default = 0.08),
                               IC50_low = c(default = 0.20854, sr1 = 0.2772),
                               ki_HAC = c(default = 0.31),
                               pH_UL = c(default = 8.0),
                               pH_LL = c(default = 6.5, sr1 = 5.5))

man_pars1.0 <- list(conc_fresh = list(sulfide = 0.01, urea = 3.17, sulfate = 0.2, TAN = 0.0, starch = 0, 
                                      VFA = 2, xa_dead = 0, Cfat = 0, CPs = 0, CPf = 0, RFd = 0, iNDF = 0, VSd = 75, 
                                      ash = 15), pH = 7, dens = 1000)

save(grp_pars1.0, file = '../data/grp_pars1.0.rda')
save(man_pars1.0, file = '../data/man_pars1.0.rda')

## set in progress 2.0
grp_pars_VS_pig2.0 <- list(grps = c('m0', 'm1', 'm2','sr1'),
                    yield = c(default = 0.05, sr1 = 0.065),
                    xa_fresh = c(m0 = 0.06, m1 = 0.06, m2 = 0.06, sr1 = 0.06),
                    xa_init = c(all = 0.06),
                    decay_rate = c(all = 0.02),
                    ks_coefficient = c(default = 1.153337, sr1 = 0.461335),
                    qhat_opt = c(m0 = 0.5, m1 = 0.8, m2 = 1.2, m3 = 7.2, m4 = 8, m5 = 8, sr1 = 8.95),
                    T_opt = c(m0 = 18, m1 = 18, m2 = 28, m3 = 36, m4 = 43.75, m5 = 55, sr1 = 43.75),
                    T_min = c(m0 = 0, m1 = 1.39, m2 = 1.39, m3 = 15, m4 = 26.25, m5 = 30, sr1 = 0),
                    T_max = c(m0 = 25, m1 = 25, m2 = 38, m3 = 45, m4 = 51.25, m5 = 60, sr1 = 51.25),
                    ki_NH3_min = c(all = 0.015),
                    ki_NH3_max = c(all = 5.37),
                    ki_NH4_min = c(all = 2.7),
                    ki_NH4_max = c(all = 7.5),
                    ki_H2S_slope = c(default = -0.10623, sr1 = -0.1495),
                    ki_H2S_int = c(default = 1.02, sr1 = 1.42),
                    ki_H2S_min = c(default = 0.08),
                    IC50_low = c(default = 0.20854, sr1 = 0.2772),
                    ki_HAC = c(default = 0.31),
                    pH_UL = c(default = 8.0),
                    pH_LL = c(default = 6.5, sr1 = 5.5))

grp_pars_pig2.0 <- list(grps = c('m0', 'm1', 'm2','sr1'),
                       yield = c(default = 0.05, sr1 = 0.065),
                       xa_fresh = c(m0 = 0.06, m1 = 0.06, m2 = 0.06, sr1 = 0.06),
                       xa_init = c(all = 0.06),
                       decay_rate = c(all = 0.02),
                       ks_coefficient = c(default = 1.153337, sr1 = 0.461335),
                       qhat_opt = c(m0 = 0.5, m1 = 0.8, m2 = 1.2, m3 = 8, m4 = 8, m5 = 8, sr1 = 8.95),
                       T_opt = c(m0 = 18, m1 = 18, m2 = 28, m3 = 36, m4 = 43.75, m5 = 55, sr1 = 43.75),
                       T_min = c(m0 = 0, m1 = 0, m2 = 0, m3 = 15, m4 = 26.25, m5 = 30, sr1 = 0),
                       T_max = c(m0 = 25, m1 = 25, m2 = 38, m3 = 45, m4 = 51.25, m5 = 60, sr1 = 51.25),
                       ki_NH3_min = c(all = 0.015),
                       ki_NH3_max = c(all = 3.223),
                       ki_NH4_min = c(all = 2.714),
                       ki_NH4_max = c(all = 8.586),
                       ki_H2S_slope = c(default = -0.10623, sr1 = -0.1495),
                       ki_H2S_int = c(default = 1.02, sr1 = 1.42),
                       ki_H2S_min = c(default = 0.08),
                       IC50_low = c(default = 0.20854, sr1 = 0.2772),
                       ki_HAC = c(default = 0.31),
                       pH_UL = c(default = 8.0),
                       pH_LL = c(default = 6.5, sr1 = 5.5))

grp_pars_VS_cattle2.0 <- list(grps = c('m0', 'm1', 'm2','sr1'),
                              yield = c(default = 0.05, sr1 = 0.065),
                              xa_fresh = c(m0 = 0.06, m1 = 0.06, m2 = 0.06, sr1 = 0.06),